0.0000000000 0.0000000000 0.0000000000 0.0000000000 0.0000000000 0.0000000000 0.0000000000 0.0000000000 0.0000000000 0.0000000000 0.0000000000 0.0000000000 0.0000000000 0.0000000000 0.0000000000 0.0000000000 0.0000000000 0.0000000000 0.0000000000 0.0000000000 0.0000000000 0.0000000000 0.0000000000 0.0000000000 0.0000000000 0.0000000000 0.0000000000 0.0000000000 0.0000000000 0.0000000000 0.0000000000 0.0000000000 0.0000000000 0.0000000000 0.0000000000 0.0000000000 0.0000000000 0.0000000000 0.0000000000 0.0000000000 0.0000000000 0.0000000000 0.0000000000 0.0000000000 0.0000000000 0.0000000000 0.0000000000 0.0000000000 0.0000000000 0.0000000000 0.0000000000 0.0000000000 0.0000000000 0.0000000000 0.0000000000 0.0000000000 0.0000000000 0.0000000000 0.0000000000 0.0000000000 0.0000000000 0.0000000000 0.0000000000 0.0000000000 0.0000000000 0.0000000000 0.0000000000 0.0000000000 0.0000000000 0.0000000000 0.0000000000 0.0000000000 0.0000000000 0.0000000000 0.0000000000 0.0000000000 0.0000000000 0.0000000000 0.0000000000 0.0000000000 0.0000000000 0.0000000000 0.0000000000 0.0000000000 0.0000000000 0.0000000000 0.0000000000 0.0000000000 0.0000000000 0.0000000000 0.0000000000 0.0000000000 0.0000000000 0.0000000000 0.0000000000 0.0000000000 0.0000000000 0.0000000000 0.0000000000 0.0000000000 0.0000000000
0.0000000000 1.0000016942 1.0022586573 1.0026536828 1.0013629929 1.0030052024 1.0024783227 1.0013971735 1.0021730012 1.0011219856 1.0025402548 1.0027983314 1.0024115012 1.0011744155 1.0030513039 1.0011311787 1.0025002659 1.0028352409 1.0007133810 1.0022313072 1.0206163874 1.0862752678 1.1507364222 1.2181943195 1.2883034577 1.3578506897 1.4310118642 1.5016240261 1.5796459354 1.6573490146 1.7377481862 1.8211922706 1.9065276356 1.9914382633 2.0839411480 2.1745656625 2.2706040801 2.3671308309 2.4676344670 2.5691926302 2.6762611000 2.7887833054 2.9026607954 3.0202557055 3.1382956865 3.2668432755 3.3952315079 3.5309806357 3.6670469241 3.8137779553 3.9624048844 4.1199772515 4.2814977927 4.4472129141 4.6194975860 4.8042137603 4.9891458542 5.1891213074 5.3913060803 5.6048716649 5.8292468146 6.0585567521 6.3068556122 6.5651471968 6.8371026787 7.1171097602 7.4185943261 7.7293473606 8.0614966009 8.4143994134 8.7840468866 9.1779895943 9.5939719687 10.0382628520 10.5094633459 11.0247068599 11.5620779400 12.1413099671 12.7675434315 13.4449074853 14.2216410850 30.1339304166 36.1609546115 37.0406402181 37.9110905946 38.7725392247 39.6252121779 40.4693252311 41.3050868726 42.1326985550 42.9523544409 43.7642402017 44.5685368628 45.3654190933 46.1550529174 46.9376020386 47.7132214535 48.4820643488 49.2442769581 50.0000087709 100.0000000000
0.0000000000 1.0022586573 2.0000016998 2.0027523423 2.0017603738 2.0019506582 2.0030843193 2.0010403092 2.0014419643 2.0020285920 2.0013178418 2.0029291567 2.0027061153 2.0025248472 2.0011626344 2.0018647484 2.0030878234 2.0025410156 2.0023036173 2.0033036311 2.0018155277 2.0905784194 2.2169398438 2.3424121401 2.4737510392 2.6089249534 2.7452418770 2.8873832937 3.0301840080 3.1773207436 3.3286663717 3.4847601594 3.6440197732 3.8049716661 3.9749648677 4.1458781571 4.3251307697 4.5056967065 4.6935476069 4.8825644907 5.0843192878 5.2871365662 5.4963536291 5.7144074459 5.9387090218 6.1677282475 6.4059167168 6.6467759364 6.9021373578 7.1641907831 7.4365792933 7.7131467488 8.0044848041 8.3051657027 8.6162550769 8.9405971412 9.2725121796 9.6253089830 9.9863541099 10.3614344963 10.7552196761 11.1631249994 11.5830592735 12.0313008278 12.4939570649 12.9842067745 13.4914366096 14.0200726505 14.5830756581 15.1706798633 15.7887271972 16.4321358175 17.1250450681 17.8361050669 18.6144144557 19.4134835828 20.2762460511 21.2045304780 22.1870064136 23.2134101974 33.0013858023 36.0982605595 36.9829233239 37.8581547924 38.7241977968 39.5812846332 40.4296402277 41.2694792713 42.1010091714 42.9244303880 43.7399360937 44.5477110138 45.3479352606 46.1407826189 46.9264182693 47.7050050999 48.4766972959 49.2416472947 50.0000005856 50.7557230419 100.0000000000
0.0000000000 1.0026536828 2.0027523423 3.0000018127 3.0027733152 3.0028305973 3.0019274764 3.0018918181 3.0030723553 3.0023662996 3.0028614272 3.0028461764 3.0013103666 3.0029744091 3.0032137486 3.0027191821 3.0013627135 3.0015266639 3.0033125899 3.0013503974 3.0024800255 3.0280790667 3.2055539298 3.3869675381 3.5740987659 3.7674164182 3.9623572062 4.1616128746 4.3647290885 4.5777974273 4.7893939218 5.0116477334 5.2370802559 5.4657622775 5.7039034594 5.9435211464 6.1949678947 6.4515184955 6.7120669532 6.9826594441 7.2605057192 7.5430403997 7.8365057493 8.1371433619 8.4451428539 8.7641958816 9.0909884602 9.4263661674 9.7788573670 10.1373443002 10.5079374356 10.8867886231 11.2842879560 11.6919662684 12.1131655739 12.5505772292 13.0018539368 13.4675277894 13.9469899264 14.4550257662 14.9720769958 15.5147538850 16.0773118223 16.6549355019 17.2682662597 17.9012005321 18.5583321684 19.2491441409 19.9650797768 20.7221104845 21.5047556280 22.3240080849 23.1883622957 24.0967572512 25.0495264958 26.0511682111 27.0947858624 28.2232964444 29.3883707673 30.6935768955 36.0340739784 36.9238437683 37.8039813676 38.6747359191 39.5363490064 40.3890517361 41.2330678886 42.0686110517 42.8958875762 43.7150968940 44.5264311832 45.3300742380 46.1262052396 46.9149970824 47.6966141115 48.4712183754 49.2389632724 50.0000004611 50.7583527053 51.5179356512 100.0000000000
0.0000000000 1.0013629929 2.0017603738 3.0027733152 4.0000011464 4.0023004353 4.0011962479 4.0025565108 4.0029550222 4.0026421872 4.0028478524 4.0017238054 4.0021540393 4.0021547158 4.0021934132 4.0012654935 4.0029683009 4.0027921107 4.0032440363 4.0021084504 4.0009639026 4.0025153095 4.1278357908 4.3615594232 4.6002952738 4.8443871484 5.0923821985 5.3466981999 5.6053956731 5.8702890169 6.1393164497 6.4191557180 6.7028124507 6.9947966949 7.2929355365 7.5957608190 7.9075610528 8.2297777961 8.5578800314 8.8928778729 9.2392292950 9.5912160740 9.9553995323 10.3286504908 10.7114732222 11.1008005791 11.5077600263 11.9253996447 12.3523618104 12.7912203509 13.2436324871 13.7109156924 14.1931804468 14.6860498956 15.1973056065 15.7265073524 16.2656669721 16.8307534137 17.4138400862 18.0137027794 18.6341641648 19.2731716727 19.9435516391 20.6325240037 21.3450304915 22.0889818268 22.8638651190 23.6600659185 24.4945536909 25.3657246159 26.2707791282 27.2067136089 28.1959529548 29.2148383720 30.2900634217 31.4156900103 32.6007707460 33.8349733189 35.0763576328 35.9683394292 36.8633541039 37.7485255737 38.6241146208 39.4903691232 40.3475294056 41.1958253754 42.0354796483 42.8667047320 43.6897058958 44.5046815508 45.3118228703 46.1113127015 46.9033293039 47.6880446673 48.4656223116 49.2362214533 50.0000006246 50.7610367276 51.5233027041 52.2867785465 100.0000000000
0.0000000000 1.0030052024 2.0019506582 3.0028305973 4.0023004353 5.0000012494 5.0004538855 5.0009814427 5.0026744739 5.0015449989 5.0025755683 5.0009681941 5.0027982436 5.0022708569 5.0028431543 5.0019456378 5.0013458273 5.0027788105 5.0027823933 5.0010269865 5.0014378674 5.0031553625 5.0032621391 5.2708154169 5.5540621045 5.8475462247 6.1440245422 6.4450724285 6.7559681956 7.0705995972 7.3936525551 7.7231019233 8.0596204955 8.4037827320 8.7555736362 9.1166952989 9.4843387530 9.8616605499 10.2457978597 10.6425087278 11.0449209215 11.4605817929 11.8840406335 12.3187313868 12.7674833677 13.2249754981 13.6925825691 14.1765098291 14.6699494775 15.1810452137 15.7029262634 16.2374079784 16.7915606233 17.3576917468 17.9406357533 18.5429378356 19.1650132932 19.8013276738 20.4557884104 21.1395519868 21.8351843189 22.5616855708 23.3040663341 24.0785248315 24.8739330406 25.7036838422 26.5568450287 27.4421925265 28.3547157131 29.3088849023 30.2960110299 31.0074294675 31.5683741482 32.1678095974 32.8094628151 33.4977520182 34.2379639337 35.0364854251 35.9011325003 36.8014017871 37.6917427287 38.5722918569 39.4433086113 40.3050395572 41.1577237714 42.0015899719 42.8368596058 43.6637440521 44.4824475322 45.2931673980 46.0960938570 46.8914087715 47.6792894986 48.4599071079 49.2334226079 50.0000013306 50.7637785467 51.5287816246 52.2949949001 53.0623979614 100.0000000000
0.0000000000 1.0024783227 2.0030843193 3.0019274764 4.0011962479 5.0004538855 6.0000009700 6.0574386959 6.0022472089 6.0030995921 6.0030863608 6.0029861568 6.0008470199 6.0018893488 6.0003900975 6.0018890162 6.0024568461 6.0009510137 6.0011280842 6.0024640540 6.0033109782 6.0029874552 6.0020060152 6.1212892338 6.4488966117 6.7829557945 7.1247039750 7.4728582242 7.8256030450 8.1886148050 8.5573785638 8.9319987099 9.3175902228 9.7090706992 10.1109289929 10.5193276233 10.9381215147 11.3639970676 11.8005422031 12.2481611228 12.7039695810 13.1742326222 13.6518091302 14.1402194635 14.6417377176 15.1529682251 15.6814792253 16.2189782647 16.7733889903 17.3398847302 17.9213434011 18.5151235651 19.1289620724 19.7559003468 20.3993193235 21.0617433602 21.7438528039 22.4406728047 23.1662876663 23.9054890829 24.6660936263 25.4563926823 26.2672271824 27.1001344664 27.9624687122 28.8454417828 29.2513909233 29.6823478778 30.1397495482 30.6252747404 31.1408852338 31.6888822043 32.2719760366 32.8933766334 33.5569173251 34.2672175236 35.0299075227 35.8519393134 36.7379332978 37.6335831954 38.5192257356 39.3951281298 40.2615484552 41.1187319747 41.9669165096 42.8063295614 43.6371914028 44.4597123095 45.2740954315 46.0805370685 46.8792264102 47.6703443890 48.4540674053 49.2305641977 50.0000008814 50.7665773921 51.5343776884 52.3033858885 53.0735817307 53.8449470826 100.0000000000
0.0000000000 1.0013971735 2.0010403092 3.0018918181 4.0025565108 5.0009814427 6.0574386959 7.0000007234 7.4846649001 7.0015618774 7.0027840733 7.0022173999 7.0012410278 7.0029613009 7.0015793907 7.0025913570 7.0013784106 7.0031886243 7.0023075457 7.0025825932 7.0016670481 7.0025699319 7.0031688708 7.0021403327 7.2894300454 7.6639927827 8.0446099794 8.4311671531 8.8269965864 9.2314978745 9.6415053572 10.0588008411 10.4882322473 10.9241017612 11.3670368968 11.8211349979 12.2821440574 12.7564601357 13.2393361810 13.7315241774 14.2347584453 14.7476049810 15.2745497696 15.8109964725 16.3605991408 16.9237097063 17.4956290157 18.0859492400 18.6869161475 19.3036786166 19.9314885979 20.5790099562 21.2429354312 21.9218343662 22.6149248364 23.3304477101 24.0627689589 24.8121241037 25.5852959914 26.3781702716 27.1906493329 27.9835384653 28.3220990429 28.6816463109 29.0628137721 29.4663858163 29.8933116253 30.3447249731 30.8219729785 31.3266514957 31.8606499420 32.4262157957 33.0260318313 33.6633275648 34.3420240677 35.0669395304 35.8440723501 36.6810221043 37.5739964873 38.4648695488 39.3457886284 40.2170195075 41.0788188966 41.9314307392 42.7750915895 43.6100277354 44.4364582793 45.2545923865 46.0646321022 46.8667726810 47.6612023121 48.4481009736 49.2276440858 50.0000009698 50.7694358023 51.5400928921 52.3119553327 53.0850029176 53.8592173811 54.6345809067 100.0000000000
0.0000000000 1.0021730012 2.0014419643 3.0030723553 4.0029550222 5.0026744739 6.0022472089 7.4846649001 8.0000009872 8.4866464506 8.0008824266 8.0021156085 8.0009316600 8.0029391842 8.0004130834 8.0025704759 8.0021214072 8.0030436643 8.0029150359 8.0031191990 8.0027208043 8.0016352805 8.0015549067 8.0019352965 8.0781038125 8.4897261204 8.9080833682 9.3324805302 9.7652554634 10.2057195341 10.6568045993 11.1128504212 11.5780913492 12.0547691106 12.5365015352 13.0330534261 13.5362415824 14.0471187302 14.5703645889 15.1057156417 15.6489763561 16.2039997791 16.7733192546 17.3518043522 17.9413052580 18.5467459927 19.1641357800 19.7939914990 20.4385130277 21.0972984743 21.7703340132 22.4608078050 23.1639369196 23.8865943892 24.6224143433 25.3787083316 26.1533330843 26.9463246494 27.5859796101 27.9023951127 28.2344628400 28.5820463800 28.9450948504 29.3256230913 29.7271485064 30.1503820942 30.5961586612 31.0655011298 31.5596451739 32.0800816799 32.6286054943 33.2073858626 33.8190546167 34.4668335559 35.1547102857 35.8876839509 36.6721377773 37.5163901626 38.4091759009 39.2952463728 40.1714165293 41.0379507111 41.8951042515 42.7431197673 43.5822325487 44.4126676565 45.2346430303 46.0483666670 46.8540395606 47.6518558990 48.4420028588 49.2246594377 50.0000001476 50.7723559142 51.5459325947 52.3207105014 53.0966706961 53.8737947604 54.6520647394 55.4314631372 100.0000000000
0.0000000000 1.0011219856 2.0020285920 3.0023662996 4.0026421872 5.0015449989 6.0030995921 7.0015618774 8.4866464506 9.0000002170 9.4882140532 9.9554183310 9.0014135021 9.0028277837 9.0010107655 9.0018876058 9.0024685959 9.0024442547 9.0015331027 9.0017801303 9.0032950156 9.0029066422 9.0033298102 9.0023064941 9.0028259664 9.2667397649 9.7184915413 10.1788820428 10.6481012327 11.1229903934 11.6085091540 12.1004476017 12.6010539620 13.1117356703 13.6323738748 14.1630716506 14.7020156247 15.2499348772 15.8106700472 16.3798035744 16.9607116276 17.5536480564 18.1582058974 18.7745350948 19.4028901136 20.0424637576 20.6990176944 21.3658764510 22.0480461486 22.7444905089 23.4541557149 24.1790604130 24.9182448946 25.6775091395 26.4550059339 27.1028704268 27.4118653080 27.7370827611 28.0780589317 28.4344374999 28.8059568140 29.1924429879 29.5938020513 30.0100219801 30.4411692372 30.8873961442 31.3503792301 31.8353230741 32.3436722369 32.8767971987 33.4363812810 34.0244958893 34.6436980005 35.2971739577 35.9889383714 36.7241383271 37.5095143967 38.3541427344 39.2434570824 40.1246987969 40.9960941481 41.8579060436 42.7103884113 43.5537825548 44.3883224802 45.2142320237 46.0317279246 46.8410170784 47.6422993445 48.4357678847 49.2216077805 50.0000002243 50.7753405623 51.5518990264 52.3296556110 53.1085912285 53.8886872985 54.6699257620 55.4522889862 56.2357597983 100.0000000000
0.0000000000 1.0025402548 2.0013178418 3.0028614272 4.0028478524 5.0025755683 6.0030863608 7.0027840733 8.0008824266 9.4882140532 10.0000005939 10.4894852930 10.9600593345 10.3536539436 10.0023456891 10.0022289647 10.0030976606 10.0029044758 10.0013706226 10.0029865535 10.0001567801 10.0030548975 10.0009273427 10.0018549176 10.0000992131 10.0009650695 10.4851693249 10.9764085537 11.4765173622 11.9857968362 12.5008042060 13.0273452571 13.5614626463 14.1040924920 14.6559690964 15.2205581699 15.7923969376 16.3733924083 16.9650530417 17.5683228848 18.1847816421 18.8109085132 19.4472553463 20.0970985720 20.7575638174 21.4291818827 22.1176427132 22.8190881273 23.5298398712 24.2586819892 25.0046140522 25.7623029412 26.5346873556 26.8344111569 27.1517944213 27.4859504473 27.8361525620 28.2018048096 28.5824240197 28.9776235312 29.3871024669 29.8106425881 30.2481032005 30.6994234835 31.1646255150 31.6438215809 32.1372202365 32.6451415404 33.1680724680 33.7111233804 34.2786631614 34.8726538202 35.4955609040 36.1505006469 36.8414671637 37.5736822504 38.3541666168 39.1927096754 40.0768252008 40.9532115479 41.8198057887 42.6768693703 43.5246548247 44.3634021363 45.1933440126 46.0147030482 46.8276948094 47.6325250361 48.4293924904 49.2184883026 50.0000004871 50.7783922195 51.5579971412 52.3387976879 53.1207735898 53.9039061430 54.6881771297 55.4735688168 56.2600639063 57.0476455591 100.0000000000
0.0000000000 1.0027983314 2.0029291567 3.0028461764 4.0017238054 5.0009681941 6.0029861568 7.0022173999 8.0021156085 9.9554183310 10.4894852930 11.0000003116 11.4905376162 11.9639344506 12.4224918537 11.1620415472 11.0014790109 11.0031688110 11.0023983181 11.0032094772 11.0027389497 11.0011034330 11.0031401101 11.0015179869 11.0025213962 11.0001757364 11.2110945371 11.7323052122 12.2611096388 12.7996265332 13.3446722498 13.9002183166 14.4647919748 15.1010515349 15.7805462577 16.4507593269 17.1128815674 17.7677284952 18.4158914598 19.0577472710 19.6934380079 20.3229894699 20.9462506611 21.5629108447 22.1726535740 22.7749814453 23.4372766514 24.1658098341 24.9071432822 25.6629783023 26.1853376977 26.4926107502 26.8187308950 27.1841734845 27.5838436044 27.9884378476 28.3983006260 28.8137911588 29.2352911323 29.6632014274 30.0979485768 30.5399857011 30.9897950493 31.4478933563 31.9148336882 32.4113909567 32.9326083959 33.4668076310 34.0144608167 34.5762089602 35.1528737303 35.7495252217 36.3726249796 37.0252026804 37.7111728019 38.4357249282 39.2059976132 40.0323137202 40.9092649786 41.7807689159 42.6425352956 43.4948241161 44.3378864931 45.1719610804 45.9972792915 46.8140624743 47.6225250022 48.4228706069 49.2152985952 50.0000001593 50.7815116974 51.5642321153 52.3481441010 53.1332273190 53.9194629315 54.7068326020 55.4953184492 56.2849031060 57.0755696120 57.8673014450 100.0000000000
0.0000000000 1.0024115012 2.0027061153 3.0013103666 4.0021540393 5.0027982436 6.0008470199 7.0012410278 8.0009316600 9.0014135021 10.9600593345 11.4905376162 12.0000003111 12.4914244369 12.9672220657 13.4293807385 13.7257871345 12.5975767843 12.0025894461 12.0018476454 12.0031844228 12.0025660332 12.0026855979 12.0028608911 12.0021237778 12.0014513125 12.4594106241 13.1622068676 13.8792904357 14.5856174166 15.2826256784 15.9720573361 16.6552083635 17.3330502637 18.0062800338 18.6753866189 19.3406763705 20.0022900883 20.6602234615 21.3143482717 21.9643965925 22.6099869650 23.2506126513 23.8856564199 24.5143772301 25.0386800158 25.4190470400 25.8019608169 26.1876829631 26.5764792745 26.9686233383 27.3643972073 27.7640921803 28.1680114740 28.5764694706 28.9897952634 29.4083328310 29.8324443589 30.2625102743 30.6989336530 31.1421396786 31.5925813029 32.0507406578 32.5171321304 32.9923077481 33.4768585957 33.9714228175 34.4766893334 34.9934038195 35.5223765791 36.0644914059 36.6530578413 37.2755876526 37.9218994699 38.5988409869 39.3114067632 40.0665759979 40.8748037803 41.7407607384 42.6073547550 43.4642660718 44.3117532275 45.1500652338 45.9794414601 46.8001099512 47.6122915072 48.4161984691 49.2120358555 50.0000003235 50.7847014048 51.5706075096 52.3577006555 53.1459604394 53.9353678978 54.7259045685 55.5175524678 56.3102941042 57.1041124238 57.8989908286 58.6949131274 100.0000000000
0.0000000000 1.0011744155 2.0025248472 3.0029744091 4.0021547158 5.0022708569 6.0018893488 7.0029613009 8.0029391842 9.0028277837 10.3536539436 11.9639344506 12.4914244369 13.0000007031 13.4921829431 13.9700484823 14.4353347858 14.8895145508 14.9965950852 14.3291076503 13.8284689417 13.5295447076 13.4399900964 13.5398311551 13.7948065871 14.1700381355 14.6367334438 15.1734236716 15.7648496334 16.4004148340 17.0729192596 17.7647489574 18.4544994904 19.1423012390 19.8283947632 20.5128867980 21.1957610544 21.8768784607 22.5559895780 23.2327228907 23.9065969081 24.3707021199 24.7523163244 25.1353812368 25.5201480851 25.9068681570 26.2957974423 26.6871928735 27.0813188211 27.4784434535 27.8788429420 28.2828009734 28.6906125049 29.1025799643 29.5190207823 29.9402644737 30.3666563689 30.7985586126 31.2363525690 31.6804391706 32.1312459774 32.5892229742 33.0548515734 33.5286448156 34.0111516285 34.5029617542 35.0047079929 35.5170763205 36.0408066907 36.5767038277 37.1256443788 37.6885853651 38.2665783946 38.8607790943 39.5080165265 40.2037975823 40.9391235097 41.7237144243 42.5712963326 43.4329524553 44.2849810452 45.1276391713 45.9611744353 46.7858248347 47.6018171099 48.4093708200 49.2086970791 50.0000005699 50.7879641445 51.5771293931 52.3674749639 53.1589829216 53.9516333330 54.7454076135 55.5402876905 56.3362559479 57.1332952680 57.9313889483 58.7305207287 59.5306747689 100.0000000000
0.0000000000 1.0030513039 2.0011626344 3.0032137486 4.0021934132 5.0028431543 6.0003900975 7.0015793907 8.0004130834 9.0010107655 10.0023456891 12.4224918537 12.9672220657 13.4921829431 14.0000004333 14.4928385010 14.9725069230 15.4405379329 15.8982454430 16.3467658488 16.5333895736 16.1903353084 16.0008819884 15.9642506005 16.0684665946 16.2952157707 16.6247583531 17.0390553829 17.5231002259 18.0651025150 18.6561548390 19.2897549844 19.9613653373 20.6638222330 21.3706528880 22.0775358816 22.7842826772 23.4905882635 24.0047508718 24.3921072230 24.7800513935 25.1688399545 25.5587278140 25.9499692259 26.3428175993 26.7375289226 27.1343615889 27.5335762785 27.9354382688 28.3402203650 28.7481994018 29.1596611110 29.5749021039 29.9942261158 30.4179521097 30.8464096453 31.2799443745 31.7189196371 32.1637148164 32.6147332628 33.0723983346 33.5371614120 34.0095010514 34.4899278495 34.9789887187 35.4772695183 35.9854002077 36.5040609282 37.0339862847 37.5759755713 38.1308964354 38.6996985407 39.2834225297 39.8832111343 40.5003289156 41.1361749523 41.8291914423 42.5845094214 43.4010043763 44.2575449273 45.1046626522 45.9424639183 46.7711949055 47.5910922349 48.4023806130 49.2052797686 50.0000004754 50.7913029209 51.5838015309 52.3774749978 53.1723051906 53.9682720754 54.7653569697 55.5635417207 56.3628085972 57.1631403942 57.9645203517 58.7669321114 59.5703597723 60.3747878221 100.0000000000
0.0000000000 1.0011311787 2.0018647484 3.0027191821 4.0012654935 5.0019456378 6.0018890162 7.0025913570 8.0025704759 9.0018876058 10.0022289647 11.1620415472 13.4293807385 13.9700484823 14.4928385010 15.0000001680 15.4934125390 15.9746677137 16.4451288537 16.9059761589 17.3582418548 17.8028331023 18.2338496146 18.1171692167 18.1256142775 18.2501527851 18.4783129826 18.7966368732 19.1924253382 19.6546305539 20.1741826147 20.7439638341 21.3586391027 22.0144652321 22.7091206161 23.4372914799 23.9580170314 24.3532547818 24.7484316648 25.1438182517 25.5396795305 25.9362772051 26.3338695433 26.7327154110 27.1330717005 27.5351973589 27.9393538317 28.3458049605 28.7548181165 29.1666671469 29.5816318494 30.0000004725 30.4220682131 30.8481428453 31.2785422967 31.7135964778 32.1536527653 32.5990723886 33.0502363521 33.5075452402 33.9714228175 34.4423182526 34.9207076067 35.4071004412 35.9020394726 36.4061066812 36.9199290491 37.4441800028 37.9795900663 38.5269501101 39.0871213749 39.6610438706 40.2497470172 40.8543624300 41.4761394615 42.1164613186 42.7768674433 43.4658411083 44.2403732203 45.0811145888 45.9232928101 46.7562088969 47.5801075893 48.3952234392 49.2017819394 50.0000001685 50.7947202314 51.5906291800 52.3877084928 53.1859375257 53.9852969518 54.7857679763 55.5873323435 56.3899722646 57.1936704386 57.9984100281 58.8041746246 59.6109482639 60.4187153668 61.2274607753 100.0000000000
0.0000000000 1.0025002659 2.0030878234 3.0013627135 4.0029683009 5.0013458273 6.0024568461 7.0013784106 8.0021214072 9.0024685959 10.0030976606 11.0014790109 13.7257871345 14.4353347858 14.9725069230 15.4934125390 16.0000001800 16.4939193400 16.9765831302 17.4492135408 17.9128791204 18.3685190379 18.8169682947 19.2589747711 19.6952105076 20.0843562792 20.2323710113 20.4717019746 20.7922619155 21.1844392564 21.6397386739 22.1510590851 22.7127658264 23.3206598268 23.8529009288 24.2571318463 24.6606060077 25.0636139507 25.4664370570 25.8693511912 26.2726266302 26.6765279758 27.0813188211 27.4872609897 27.8946155805 28.3036440198 28.7146097173 29.1277797448 29.5434242041 29.9618185953 30.3832439016 30.8079890963 31.2363525690 31.6686407603 32.1051727512 32.5462797638 32.9923077481 33.4436184301 33.9005917549 34.3636274417 34.8331480096 35.3096004294 35.7934593519 36.2852302444 36.7854536764 37.2947073697 37.8136136684 38.3428415432 38.8831137393 39.4352158103 40.0000002777 40.5783972932 41.1714257881 41.7802055727 42.4059703705 43.0500878785 43.7140777587 44.3996370820 45.1086725277 45.9036433352 46.7408529091 47.5688549970 48.3878928867 49.1981997518 50.0000004662 50.7982180606 51.5976193870 52.3981828901 53.1998900488 54.0027207085 54.8066559874 55.6116775198 56.4177674513 57.2249084105 58.0330834904 58.8422762286 59.6524705944 60.4636509936 61.2758022032 62.0889094054 100.0000000000
0.0000000000 1.0028352409 2.0025410156 3.0015266639 4.0027921107 5.0027788105 6.0009510137 7.0031886243 8.0030436643 9.0024442547 10.0029044758 11.0031688110 12.5975767843 14.8895145508 15.4405379329 15.9746677137 16.4939193400 17.0000003064 17.4943709212 17.9782952444 18.4528764853 18.9190863050 19.3777868771 19.8297489240 20.2756665281 20.7161680220 21.1518266745 21.5831669599 22.0106743719 22.4347987211 22.8559575470 23.2745446621 23.6909301440 24.1054644153 24.5184802003 24.9302973226 25.3412224304 25.7515510520 26.1615713306 26.5715622479 26.9817995903 27.3925528691 27.8040888007 28.2166729521 28.6305690192 29.0460416602 29.4633575634 29.8827853755 30.3045962686 30.7290686431 31.1564852982 31.5871353686 32.0213186698 32.4593420176 32.9015255585 33.3481993824 33.7997107494 34.2564199297 34.7187055466 35.1869672915 35.6616254786 36.1431250111 36.6319380277 37.1285670346 37.6335497638 38.1474594669 38.6709129468 39.2045748633 39.7491619395 40.3054513647 40.8742878072 41.4565916635 42.0533718779 42.6657343633 43.2948989973 43.9422171181 44.6091886089 45.2974887746 46.0089976701 46.7458336629 47.5573237886 48.3803825347 49.1945306022 50.0000004612 50.8018002482 51.6047765608 52.4089077651 53.2141751653 54.0205585399 54.8280389196 55.6365978637 56.4462174452 57.2568802327 58.0685692608 58.8812680253 59.6949604428 60.5096308768 61.3252640809 62.1418452076 62.9593597819 100.0000000000
0.0000000000 1.0007133810 2.0023036173 3.0033125899 4.0032440363 5.0027823933 6.0011280842 7.0023075457 8.0029150359 9.0015331027 10.0013706226 11.0023983181 12.0025894461 14.9965950852 15.8982454430 16.4451288537 16.9765831302 17.4943709212 18.0000006597 18.4947760606 18.9798361650 19.4561829636 19.9247057860 20.3861989035 20.8413765488 21.2908859119 21.7353172686 22.1752103657 22.6110630429 23.0433377742 23.4724638649 23.8988435459 24.3228576008 24.7448627025 25.1652019695 25.5841994168 26.0021694473 26.4194134584 26.8362236103 27.2528852676 27.6696775777 28.0868746046 28.5047470180 28.9235625777 29.3435889645 29.7650936662 30.1883450650 30.6136135511 31.0411738409 31.4713044294 31.9042900270 32.3404211648 32.7799973828 33.2233264644 33.6707290203 34.1225356910 34.5790914773 35.0407573736 35.5079110783 35.9809502867 36.4602939797 36.9463840667 37.4396915032 37.9407147714 38.4499882068 38.9680805208 39.4956045629 40.0332180861 40.5816325809 41.1416169419 41.7140079257 42.2997165449 42.8997395892 43.5151714403 44.1472173319 44.7972111835 45.4666347694 46.1571405920 46.8705824887 47.6090493571 48.3749089590 49.1907712355 50.0000005983 50.8054693978 51.6121071133 52.4198924107 53.2288050945 54.0388255647 54.8499347662 55.6621135069 56.4753451753 57.2896115887 58.1048957485 58.9211811034 59.7384515448 60.5566913887 61.3758853792 62.1960186324 63.0170766761 63.8390453885 100.0000000000
0.0000000000 1.0022313072 2.0033036311 3.0013503974 4.0021084504 5.0010269865 6.0024640540 7.0025825932 8.0031191990 9.0017801303 10.0029865535 11.0032094772 12.0018476454 14.3291076503 16.3467658488 16.9059761589 17.4492135408 17.9782952444 18.4947760606 19.0000004940 19.4951419127 19.9812319423 20.4591864441 20.9298233325 21.3938771327 21.8520134100 22.3048383749 22.7529072727 23.1967305502 23.6367817363 24.0735021746 24.5073040442 24.9385748292 25.3676826398 25.7949745886 26.2207840468 26.6454304387 27.0692201376 27.4924520067 27.9154150876 28.3383927744 28.7616627693 29.1854999571 29.6101751351 30.0359590245 30.4631215837 30.8919325217 31.3226659144 31.7555972787 32.1910059539 32.6291786954 33.0704063846 33.5149895382 33.9632369664 34.4154680415 34.8720139566 35.3332197372 35.7994441373 36.2710649780 36.7484778039 37.2320994796 37.7223709845 38.2197588774 38.7247595611 39.2379029472 39.7597538489 40.2909199750 40.8320538105 41.3838590541 41.9470983274 42.5225994395 43.1112640256 43.7140777587 44.3321213898 44.9665874047 45.6187915840 46.2901972575 46.9824347235 47.6973325368 48.4369505286 49.2036202119 50.0000002023 50.8092287645 51.6196174653 52.4311450030 53.2437911031 54.0575360817 54.8723608287 55.6882467725 56.5051758839 57.3231306297 58.1420939564 58.9620492889 59.7829804925 60.6048718702 61.4277081431 62.2514744263 63.0761562317 63.9017394405 69.8660695834 100.0000000000
0.0000000000 1.0206163874 2.0018155277 3.0024800255 4.0009639026 5.0014378674 6.0033109782 7.0016670481 8.0027208043 9.0032950156 10.0001567801 11.0027389497 12.0031844228 13.8284689417 16.5333895736 17.3582418548 17.9128791204 18.4528764853 18.9798361650 19.4951419127 20.0000000560 20.4954738442 20.9825037800 21.4619309090 21.9345096011 22.4009240102 22.8617958990 23.3176950166 23.7691453304 24.2166317196 24.6606060077 25.1014894243 25.5396795305 25.9755507126 26.4094586601 26.8417427892 27.2727272969 27.7027268271 28.1320424998 28.5609697247 28.9897952634 29.4188007528 29.8482644013 30.2784597398 30.7096607982 31.1421396786 31.5761688259 32.0120233128 32.4499802570 32.8903217756 33.3333333631 33.7793093033 34.2285489043 34.6813615328 35.1380665635 35.5989952161 36.0644914059 36.5349133723 37.0106378549 37.4920581596 37.9795900663 38.4736711262 38.9747655940 39.4833669320 40.0000002777 40.5252273070 41.0596495130 41.6039135407 42.1587175808 42.7248160528 43.3030281307 43.8942456772 44.4994433135 45.1196904916 45.7561631042 46.4101619971 47.0831302217 47.7766781030 48.4926071975 49.2329487468 50.0000000205 50.7963797881 51.6250910410 52.4426762114 53.2591470909 54.0767071899 54.8953373478 55.7150189548 56.5357339282 57.3574647044 58.1801942113 59.0039058519 59.8285834707 60.6542113716 61.4807742644 62.3082572713 63.1366458961 63.9659260216 66.9986141978 85.7783589146 100.0000000000
0.0000000000 1.0862752678 2.0905784194 3.0280790667 4.0025153095 5.0031553625 6.0029874552 7.0025699319 8.0016352805 9.0029066422 10.0030548975 11.0011034330 12.0025660332 13.5295447076 16.1903353084 17.8028331023 18.3685190379 18.9190863050 19.4561829636 19.9812319423 20.4954738442 21.0000003253 21.4957779894 21.9836692796 22.4644505303 22.9388228229 23.4074231323 23.8708360018 24.3295973768 24.7842044334 25.2351191960 25.6827728870 26.1275704534 26.5698947293 27.0101079180 27.4485564347 27.8855707848 28.3214694638 28.7565603478 29.1911419944 29.6255054582 30.0599360435 30.4947150122 30.9301200982 31.3664265978 31.8039090428 32.2428423012 32.6835038632 33.1261715268 33.5711280936 34.0186620646 34.4690661021 34.9226407942 35.3796967906 35.8405518573 36.3055373397 36.7749966943 37.2492876886 37.7287836690 38.2138785784 38.7049841413 39.2025372822 39.7069986376 40.2188573561 40.7386358816 41.2668912704 41.8042189951 42.3512611814 42.9087082080 43.4773080420 44.0578699050 44.6512774620 45.2584927369 45.8805734156 46.5186818153 47.1741006475 47.8482560316 48.5427353403 49.2593167389 50.0000000205 50.7670512532 51.5630494714 52.3909506429 53.2541663371 54.0963566648 54.9188854112 55.7424550727 56.5670475447 57.3926452450 58.2192310841 59.0467884521 59.8753012031 60.7047536272 61.5351304512 62.3664168046 63.1985982129 64.0316605708 69.3064231044 76.7865898026 86.5550925144 100.0000000000
0.0000000000 1.1507364222 2.2169398438 3.2055539298 4.1278357908 5.0032621391 6.0020060152 7.0031688708 8.0015549067 9.0033298102 10.0009273427 11.0031401101 12.0026855979 13.4399900964 16.0008819884 18.2338496146 18.8169682947 19.3777868771 19.9247057860 20.4591864441 20.9825037800 21.4957779894 22.0000000355 22.4960571444 22.9847428023 23.4667759656 23.9428109845 24.4134444251 24.8792263902 25.3406642466 25.7982305821 26.2523657656 26.7034831105 27.1519736564 27.5982064879 28.0425335999 28.4852921712 28.9268049234 29.3673850696 29.8073358543 30.2469512139 30.6865216297 31.1263300011 31.5666574233 32.0077819472 32.4499802570 32.8935293567 33.3387082774 33.7857957699 34.2350773124 34.6868400197 35.1413792090 35.5989952161 36.0599978438 36.5247063077 36.9934499031 37.4665717423 37.9444292108 38.4273940604 38.9158574140 39.4102304236 39.9109464327 40.4184629506 40.9332670267 41.4558758913 41.9868417413 42.5267566923 43.0762550407 43.6360218941 44.2067964800 44.7893804673 45.3846474554 45.9935484931 46.6171286163 47.2565355378 47.9130375881 48.5880401820 49.2831099612 50.0000000205 50.7406832611 51.5073928025 52.3026674632 53.1294175113 53.9910023299 54.8913274723 55.7596267797 56.5989956237 57.4287036674 58.2592392616 59.0907350214 59.9231747992 60.7565429176 61.5908240991 62.4260035127 63.2620667022 64.0988674997 64.9236423672 70.6116292319 77.8129935867 87.2324565683 100.0000000000
0.0000000000 1.2181943195 2.3424121401 3.3869675381 4.3615594232 5.2708154169 6.1212892338 7.0021403327 8.0019352965 9.0023064941 10.0018549176 11.0015179869 12.0028608911 13.5398311551 15.9642506005 18.1171692167 19.2589747711 19.8297489240 20.3861989035 20.9298233325 21.4619309090 21.9836692796 22.4960571444 23.0000004508 23.4963145434 23.9857352923 24.4689316597 24.9465144502 25.4190470400 25.8870467644 26.3509965457 26.8113462794 27.2685180230 27.7229090233 28.1748956418 28.6248370248 29.0730744548 29.5199370332 29.9657425066 30.4107974255 30.8554007329 31.2998455262 31.7444184518 32.1894031462 32.6350801715 33.0817281141 33.5296264321 33.9790548477 34.4302945170 34.8836309823 35.3393537138 35.7977568841 36.2591419701 36.7238181448 37.1921051146 37.6643320410 38.1408401074 38.6219852848 39.1081395812 39.5996913750 40.0970489586 40.6006432670 41.1109298330 41.6283917863 42.1535416123 42.6869282715 43.2291367605 43.7807980349 44.3425880274 44.9152398198 45.4995464697 46.0963715581 46.7066557371 47.3314306447 47.9718303804 48.6291073122 49.3046487579 50.0000000205 50.7168900388 51.4572646597 52.2233218970 53.0175652765 53.8428594080 54.7025112254 55.6003629180 56.5341588917 57.4154905786 58.2762855757 59.1251962197 59.9676862798 60.8072903246 61.6458572656 62.4836098374 63.3189778957 64.1480606866 64.9635145749 66.1650266814 71.7767035553 78.7954695219 87.8586900333 100.0000000000
0.0000000000 1.2883034577 2.4737510392 3.5740987659 4.6002952738 5.5540621045 6.4488966117 7.2894300454 8.0781038125 9.0028259664 10.0000992131 11.0025213962 12.0021237778 13.7948065871 16.0684665946 18.1256142775 19.6952105076 20.2756665281 20.8413765488 21.3938771327 21.9345096011 22.4644505303 22.9847428023 23.4963145434 24.0000001318 24.4965533180 24.9866574273 25.4709378611 25.9499692259 26.4242804372 26.8943651354 27.3606807506 27.8236584904 28.2837022251 28.7411965774 29.1965052968 29.6499759447 30.1019426321 30.5527268702 31.0026406603 31.4519859994 31.9010595679 32.3501509666 32.7995461618 33.2495285850 33.7003790736 34.1523787207 34.6058082703 35.0609516007 35.5180940468 35.9775254115 36.4395413174 36.9044434888 37.3725412971 37.8441528498 38.3196073848 38.7992455075 39.2834225297 39.7725067789 40.2668869243 40.7669684905 41.2731800723 41.7859729027 42.3058273563 42.8332523110 43.3687910312 43.9130248267 44.4665775565 45.0301187167 45.6043743585 46.1901291705 46.7882356554 47.3996247740 48.0253160052 48.6664297750 49.3242010536 50.0000000205 50.6953512421 51.4119598180 52.1517439684 52.9168697783 53.7098027425 54.5333652306 55.3908113911 56.2859222413 57.2231325567 58.1708085577 59.0608764903 59.9334240021 60.7940023868 61.6458333832 62.4904856033 63.3278622227 64.1559276499 64.9700924773 65.7620360663 67.3992292540 72.9052141373 79.7237539492 88.4379220598 100.0000000000
0.0000000000 1.3578506897 2.6089249534 3.7674164182 4.8443871484 5.8475462247 6.7829557945 7.6639927827 8.4897261204 9.2667397649 10.0009650695 11.0001757364 12.0014513125 14.1700381355 16.2952157707 18.2501527851 20.0843562792 20.7161680220 21.2908859119 21.8520134100 22.4009240102 22.9388228229 23.4667759656 23.9857352923 24.4965533180 25.0000001998 25.4967758393 25.9875175909 26.4728135106 26.9532026930 27.4291887173 27.9012387586 28.3697906216 28.8352575850 29.2980282348 29.7584742942 30.2169482554 30.6737890706 31.1293235945 31.5838661864 32.0377246295 32.4911966790 32.9445770221 33.3981531782 33.8522106647 34.3070335173 34.7629030874 35.2201032263 35.6789174017 36.1396333844 36.6025404680 37.0679360305 37.5361205937 38.0074040012 38.4821041801 38.9605501098 39.4430808774 39.9300495840 40.4218251474 40.9187931839 41.4213565766 41.9299416843 42.4449966917 42.9669986813 43.4964517425 44.0338958004 44.5799060266 45.1350996511 45.7001413915 46.2757482357 46.8626968283 47.4618307001 48.0740701236 48.7004219358 49.3419916786 50.0000000205 50.6757989464 51.3708926878 52.0869624119 52.8258993525 53.5898380029 54.3812084160 55.2027888165 56.0577828819 56.9499121215 57.8835386814 58.8638250477 59.7962024177 60.6885932368 61.5642750718 62.4263177496 63.2758616729 64.1123160491 64.9330604696 65.7327824764 66.5022479818 68.5843099894 73.9488317890 80.5865164169 88.9752931401 100.0000000000
0.0000000000 1.4310118642 2.7452418770 3.9623572062 5.0923821985 6.1440245422 7.1247039750 8.0446099794 8.9080833682 9.7184915413 10.4851693249 11.2110945371 12.4594106241 14.6367334438 16.6247583531 18.4783129826 20.2323710113 21.1518266745 21.7353172686 22.3048383749 22.8617958990 23.4074231323 23.9428109845 24.4689316597 24.9866574273 25.4967758393 26.0000001327 26.4969836506 26.9883235109 27.4745724057 27.9562418996 28.4338081620 28.9077178105 29.3783904241 29.8462225239 30.3115901267 30.7748522623 31.2363525690 31.6964213416 32.1553786314 32.6135343537 33.0711912357 33.5286448156 33.9861868856 34.4441042837 34.9026834709 35.3622075917 35.8229616587 36.2852302444 36.7493021683 37.2154677099 37.6840240110 38.1552718613 38.6295218807 39.1070903552 39.5883062755 40.0735074599 40.5630462042 41.0572893097 41.5566201100 42.0614407906 42.5721726656 43.0892633680 43.6131844000 44.1444375117 44.6835563245 45.2311110470 45.7877146552 46.3540239790 46.9307486139 47.5186569789 48.1185827687 48.7314358702 49.3582107117 50.0000000205 50.6580083214 51.3335702250 52.0281696196 52.7434644622 53.4813181847 54.2438368958 55.0334125953 55.8527826681 56.7051010027 57.5940296295 58.5238605385 59.4996710844 60.4919834735 61.4011590131 62.2888271981 63.1585328363 64.0110616286 64.8452897143 65.6579759323 66.4430826749 67.1905371849 69.7099365787 74.9504735042 81.3855855442 89.4905366541 100.0000000000
0.0000000000 1.5016240261 2.8873832937 4.1616128746 5.3466981999 6.4450724285 7.4728582242 8.4311671531 9.3324805302 10.1788820428 10.9764085537 11.7323052122 13.1622068676 15.1734236716 17.0390553829 18.7966368732 20.4717019746 21.5831669599 22.1752103657 22.7529072727 23.3176950166 23.8708360018 24.4134444251 24.9465144502 25.4709378611 25.9875175909 26.4969836506 27.0000003877 27.4971786244 27.9890809067 28.4762284360 28.9591074056 29.4381707481 29.9138459742 30.3865362262 30.8566228561 31.3244707046 31.7904279594 32.2548293786 32.7179993938 33.1802510673 33.6418902045 34.1032153560 34.5645212626 35.0260964922 35.4882291747 35.9512052208 36.4153100314 36.8808296609 37.3480537655 37.8172739701 38.2887857812 38.7628929215 39.2399030342 39.7201339866 40.2039121545 40.6915761234 41.1834764781 41.6799781467 42.1814624080 42.6883291878 43.2009978985 43.7199116296 44.2455388071 44.7783777633 45.3189570848 45.8678420733 46.4256390352 46.9929986927 47.5706237979 48.1592738127 48.7597730456 49.3730214138 50.0000000205 50.6417892883 51.2995780642 51.9746839948 52.6685693553 53.3828713837 54.1194265844 54.8803095084 55.6678786102 56.4848285597 57.3342656367 58.2197944273 59.1456375700 60.1167888657 61.1392209057 62.0781005301 62.9747973196 63.8494993531 64.7028260423 65.5331664441 66.3366724352 67.1066233666 67.8321904026 70.7851616277 75.9032427487 82.1638949331 89.9617371480 100.0000000000
